,name,speedTest,loss100_170
0,skip05,12,0.017425641
1,skip05,14,0.009656012
2,skip05,16,0.004889811
3,skip05,18,0.004395523
4,skip05,20,0.0033887425
5,skip05,22,0.0024978404
6,skip05,24,0.0016696661
7,skip05,26,0.0012157918
8,skip05,28,0.0009383727
9,skip05,30,0.00054173544
10,skip05,32,0.00041979866
11,skip05,34,0.0004606373
12,skip05,36,0.0005954057
13,skip05,38,0.00074500975
14,skip05,40,0.00083806104
15,skip05,42,0.0009410373
16,skip05,44,0.0010737343
17,skip05,46,0.0012456413
18,skip05,48,0.0014974222
