,name,speedTest,loss100_170
0,lateral,12,0.014925294
1,lateral,14,0.010830619
2,lateral,16,0.007804411
3,lateral,18,0.0050828294
4,lateral,20,0.003042239
5,lateral,22,0.0023654816
6,lateral,24,0.002084499
7,lateral,26,0.001539932
8,lateral,28,0.0015440112
9,lateral,30,0.0013540142
10,lateral,32,0.00091547123
11,lateral,34,0.00086317054
12,lateral,36,0.0010335665
13,lateral,38,0.0007519718
14,lateral,40,0.00067523174
15,lateral,42,0.00066346006
16,lateral,44,0.00069426297
17,lateral,46,0.00075987837
18,lateral,48,0.00085271423
