,name,speedTest,loss100_170
0,twoLayer,12,0.011223704
1,twoLayer,14,0.006817425
2,twoLayer,16,0.005025878
3,twoLayer,18,0.0039213086
4,twoLayer,20,0.004049566
5,twoLayer,22,0.0038656706
6,twoLayer,24,0.0037674184
7,twoLayer,26,0.003351669
8,twoLayer,28,0.002945533
9,twoLayer,30,0.0025290078
10,twoLayer,32,0.0025643844
11,twoLayer,34,0.002354722
12,twoLayer,36,0.0023118388
13,twoLayer,38,0.0027369137
14,twoLayer,40,0.002810383
15,twoLayer,42,0.0025735563
16,twoLayer,44,0.0023276394
17,twoLayer,46,0.0021747411
18,twoLayer,48,0.002271964
