,name,speedTest,loss100_170
0,baseline,12,0.0095974095
1,baseline,14,0.0046276134
2,baseline,16,0.0029010286
3,baseline,18,0.002571701
4,baseline,20,0.0024977867
5,baseline,22,0.0018698266
6,baseline,24,0.0013209147
7,baseline,26,0.0008389352
8,baseline,28,0.00055335904
9,baseline,30,0.00044372006
10,baseline,32,0.00031999123
11,baseline,34,0.0002464727
12,baseline,36,0.00021169813
13,baseline,38,0.00018382956
14,baseline,40,0.00012342262
15,baseline,42,0.00012795784
16,baseline,44,0.00013752238
17,baseline,46,0.00030441
18,baseline,48,0.0005550839
19,lateral,12,0.014925294
20,lateral,14,0.010830619
21,lateral,16,0.007804411
22,lateral,18,0.0050828294
23,lateral,20,0.003042239
24,lateral,22,0.0023654816
25,lateral,24,0.002084499
26,lateral,26,0.001539932
27,lateral,28,0.0015440112
28,lateral,30,0.0013540142
29,lateral,32,0.00091547123
30,lateral,34,0.00086317054
31,lateral,36,0.0010335665
32,lateral,38,0.0007519718
33,lateral,40,0.00067523174
34,lateral,42,0.00066346006
35,lateral,44,0.00069426297
36,lateral,46,0.00075987837
37,lateral,48,0.00085271423
0,skip2,12,0.01172556
1,skip2,14,0.006547004
2,skip2,16,0.0035801874
3,skip2,18,0.003926478
4,skip2,20,0.0035753103
5,skip2,22,0.0027414106
6,skip2,24,0.0024687613
7,skip2,26,0.0023623211
8,skip2,28,0.002186938
9,skip2,30,0.001555548
10,skip2,32,0.0008991432
11,skip2,34,0.0008411317
12,skip2,36,0.000931879
13,skip2,38,0.0010301956
14,skip2,40,0.0010335863
15,skip2,42,0.0010655919
16,skip2,44,0.0010540603
17,skip2,46,0.0011070293
18,skip2,48,0.0012920046
0,skip05,12,0.016400293
1,skip05,14,0.00956281
2,skip05,16,0.0056496984
3,skip05,18,0.0044774017
4,skip05,20,0.0030395773
5,skip05,22,0.0020112994
6,skip05,24,0.0013359791
7,skip05,26,0.0010523468
8,skip05,28,0.00076887413
9,skip05,30,0.00044408746
10,skip05,32,0.00033884813
11,skip05,34,0.00041064038
12,skip05,36,0.0005752936
13,skip05,38,0.00073616597
14,skip05,40,0.00081868307
15,skip05,42,0.0008781278
16,skip05,44,0.00093540805
17,skip05,46,0.0010352306
18,skip05,48,0.0012173756
0,twoLayer,12,0.011223704
1,twoLayer,14,0.006817425
2,twoLayer,16,0.005025878
3,twoLayer,18,0.0039213086
4,twoLayer,20,0.004049566
5,twoLayer,22,0.0038656706
6,twoLayer,24,0.0037674184
7,twoLayer,26,0.003351669
8,twoLayer,28,0.002945533
9,twoLayer,30,0.0025290078
10,twoLayer,32,0.0025643844
11,twoLayer,34,0.002354722
12,twoLayer,36,0.0023118388
13,twoLayer,38,0.0027369137
14,twoLayer,40,0.002810383
15,twoLayer,42,0.0025735563
16,twoLayer,44,0.0023276394
17,twoLayer,46,0.0021747411
18,twoLayer,48,0.002271964

