,name,speedTest,loss100_170
0,baseline,12,0.0095974095
1,baseline,14,0.0046276134
2,baseline,16,0.0029010286
3,baseline,18,0.002571701
4,baseline,20,0.0024977867
5,baseline,22,0.0018698266
6,baseline,24,0.0013209147
7,baseline,26,0.0008389352
8,baseline,28,0.00055335904
9,baseline,30,0.00044372006
10,baseline,32,0.00031999123
11,baseline,34,0.0002464727
12,baseline,36,0.00021169813
13,baseline,38,0.00018382956
14,baseline,40,0.00012342262
15,baseline,42,0.00012795784
16,baseline,44,0.00013752238
17,baseline,46,0.00030441
18,baseline,48,0.0005550839
