,name,speedTrained,speedTest,loss100_170
0,baseline,16,12,0.01579848
1,baseline,16,14,0.008065049
2,baseline,16,16,0.00023065656
3,baseline,16,18,0.005548939
4,baseline,16,20,0.0075296713
5,baseline,44,40,0.001672318
6,baseline,44,42,0.00096636126
7,baseline,44,44,2.358282e-05
8,baseline,44,46,0.0008364185
9,baseline,44,48,0.0011948252
10,lateral,16,12,0.020174209
11,lateral,16,14,0.012959798
12,lateral,16,16,0.004513363
13,lateral,16,18,0.008195601
14,lateral,16,20,0.009768309
15,lateral,44,40,0.0017065508
16,lateral,44,42,0.0009905834
17,lateral,44,44,6.1988203e-06
18,lateral,44,46,0.0008221115
19,lateral,44,48,0.0012017522
20,twoLayer,16,12,0.019303998
21,twoLayer,16,14,0.010689859
22,twoLayer,16,16,0.0014276016
23,twoLayer,16,18,0.005674973
24,twoLayer,16,20,0.0074654156
25,twoLayer,44,40,0.001679454
26,twoLayer,44,42,0.0009590333
27,twoLayer,44,44,2.5058837e-06
28,twoLayer,44,46,0.00082507514
29,twoLayer,44,48,0.0012069822
30,skip,16,12,0.016578514
31,skip,16,14,0.009752165
32,skip,16,16,0.0023770756
33,skip,16,18,0.0084802685
34,skip,16,20,0.011345342
35,skip,44,40,0.0016527657
36,skip,44,42,0.00096606574
37,skip,44,44,6.378984e-06
38,skip,44,46,0.00081870984
39,skip,44,48,0.00120193
40,depthWise,16,12,0.020992944
41,depthWise,16,14,0.0126778735
42,depthWise,16,16,0.0041754954
43,depthWise,16,18,0.008982876
44,depthWise,16,20,0.012083629
45,depthWise,44,40,0.0017044758
46,depthWise,44,42,0.0010563917
47,depthWise,44,44,9.819496e-05
48,depthWise,44,46,0.00089435687
49,depthWise,44,48,0.0012367088
