,name,mult,param,loss40,loss70,loss170,smoothness
0,baseline,1.0,1,0.03175093,0.09432592,1.9100778,2.0161489329639964e-05
1,baseline,1.0,2,0.010167981,0.0071991063,0.3924997,1.9043573758355967e-06
2,baseline,1.0,3,0.010332245,0.0026125654,0.37825873,1.1206130136391918e-06
3,lateral,0.5,1,0.074487016,0.10858283,6.4721503,1.320957269849545e-05
4,lateral,0.5,2,0.09774708,0.004734574,0.94219005,5.669963520138222e-06
5,lateral,0.5,3,0.018200208,0.0627457,1.0626562,3.6199663915288313e-06
6,twoLayer,0.5,1,1.4593426,0.07715404,1.816716,9.9066856052489e-06
7,twoLayer,0.5,2,0.020479124,0.005458473,1.5817031,8.440374917478787e-06
8,twoLayer,0.5,3,0.08474517,0.04459461,1.3308548,0.00010981200449841776
9,skip,0.5,1,0.023851443,0.0096073765,0.97120523,8.461903708077349e-06
10,skip,0.5,2,0.0102147255,0.0014263976,0.4088753,3.1361427594545587e-06
11,skip,0.5,3,0.23811536,0.0024463334,0.4686501,3.2966255527390166e-06
12,depthWise,1.0,1,0.025393754,0.026034717,1.3608974,1.139777874270288e-05
13,depthWise,1.0,2,0.013623685,0.0031173131,0.67722857,3.0562061561200923e-06
14,depthWise,1.0,3,0.011843439,0.0023811474,0.41839394,1.691045853649416e-06
15,baseline,1.0,1,0.03175093,0.09432592,1.9100778,2.0161489329639964e-05
16,baseline,1.0,2,0.010167981,0.0071991063,0.3924997,1.9043573758355967e-06
17,baseline,1.0,3,0.010332245,0.0026125654,0.37825873,1.1206130136391918e-06
18,lateral,1.0,1,0.01596315,0.011128689,0.6618483,6.143259020165247e-06
19,lateral,1.0,2,0.00952808,0.0041485038,0.8911651,3.445877813787943e-06
20,lateral,1.0,3,0.009194044,0.0027620972,0.63149476,2.815555637849617e-06
21,twoLayer,1.0,1,0.74531394,0.09316905,2.073899,1.530828383349803e-05
22,twoLayer,1.0,2,0.017280977,0.04903053,1.6414467,4.8118216830988015e-06
23,twoLayer,1.0,3,0.011841701,0.008241962,1.1574419,1.1502693147083766e-05
24,skip,1.0,1,0.29818287,0.017874798,1.6253519,1.0801019836493099e-05
25,skip,1.0,2,0.014003257,0.0023459846,0.8224503,3.2649617905681344e-06
26,skip,1.0,3,0.009065254,0.0056147613,0.9255363,6.672830823602004e-06
27,depthWise,2.0,1,0.02694748,0.04839865,1.930961,9.625609672862046e-06
28,depthWise,2.0,2,0.011575318,0.0030056727,0.5902591,2.726513637719542e-06
29,depthWise,2.0,3,0.011710899,0.0012693105,0.5968338,1.2212587471110136e-06
30,baseline,1.0,1,0.03175093,0.09432592,1.9100778,2.0161489329639964e-05
31,baseline,1.0,2,0.010167981,0.0071991063,0.3924997,1.9043573758355967e-06
32,baseline,1.0,3,0.010332245,0.0026125654,0.37825873,1.1206130136391918e-06
33,lateral,2.0,1,0.034465276,0.03715148,2.1248422,6.999476069309407e-06
34,lateral,2.0,2,0.009801878,0.004352669,0.63769376,4.0944692849381105e-06
35,lateral,2.0,3,0.009637388,0.0030084583,0.6594576,2.4317449231148284e-06
36,twoLayer,2.0,1,0.06499557,0.03957974,0.8328594,3.304098226243574e-05
37,twoLayer,2.0,2,0.031732537,0.049056735,2.097716,9.610300126557423e-05
38,twoLayer,2.0,3,0.015577477,0.028637264,0.9788159,3.946808118325298e-06
39,skip,2.0,1,0.025128657,0.020541037,2.042769,1.0861164164532557e-05
40,skip,2.0,2,0.010581071,0.0023368443,1.153822,2.9068062312171743e-06
41,skip,2.0,3,0.0089989435,0.007220892,1.269359,1.476026044992756e-06
42,depthWise,4.0,1,0.019391071,0.03813822,1.7361834,1.005245226012446e-05
43,depthWise,4.0,2,0.010406764,0.0020313868,0.4119782,2.616559079094141e-06
44,depthWise,4.0,3,0.011353658,0.0016363403,0.47416425,1.4130188470869097e-06
