,name,mult,param,paramExact,loss40,loss70,loss170,smoothness
0,baseline,1.0,1,4109,0.013508511,0.09384004,1.4760109,2.0161489329639964e-05
1,baseline,1.0,2,25391,0.00012854913,0.00728136,0.3137074,1.9043573758355967e-06
2,baseline,1.0,3,49659,6.894672e-05,0.0026075863,0.31005558,1.1206130136391918e-06
3,lateral,0.5,1,4161,0.007722728,0.108888984,2.0486944,1.320957269849545e-05
4,lateral,0.5,2,23257,9.225092e-05,0.0047746017,0.5182363,5.669963520138222e-06
5,lateral,0.5,3,51949,3.978443e-05,0.062980376,0.53138316,3.6199663915288313e-06
6,twoLayer,0.5,1,5081,0.0046017556,0.07744085,0.65624785,9.9066856052489e-06
7,twoLayer,0.5,2,23981,0.00015752451,0.005446519,0.53955686,8.440374917478787e-06
8,twoLayer,0.5,3,50401,6.8289584e-05,0.044696163,0.45620972,0.00010981200449841776
9,skip,0.5,1,5761,0.00050649705,0.009567841,0.7821187,8.461903708077349e-06
10,skip,0.5,2,27325,2.3156566e-05,0.0014024582,0.37480497,3.1361427594545587e-06
11,skip,0.5,3,50581,1.1155358e-05,0.0024325494,0.39281476,3.2966255527390166e-06
12,depthWise,1.0,1,5101,0.0016810832,0.026121601,0.67521745,1.139777874270288e-05
13,depthWise,1.0,2,24445,0.00010200859,0.0031101864,0.47880387,3.0562061561200923e-06
14,depthWise,1.0,3,50718,4.3337477e-05,0.00238537,0.31987414,1.691045853649416e-06
15,baseline,1.0,1,4109,0.013508511,0.09384004,1.4760109,2.0161489329639964e-05
16,baseline,1.0,2,25391,0.00012854913,0.00728136,0.3137074,1.9043573758355967e-06
17,baseline,1.0,3,49659,6.894672e-05,0.0026075863,0.31005558,1.1206130136391918e-06
18,lateral,1.0,1,5241,0.0010080673,0.011128606,0.596676,6.143259020165247e-06
19,lateral,1.0,2,26011,8.222026e-05,0.0041256016,0.4839632,3.445877813787943e-06
20,lateral,1.0,3,49951,4.2179297e-05,0.0027646367,0.42986345,2.815555637849617e-06
21,twoLayer,1.0,1,4303,0.008648234,0.094979525,1.1280329,1.530828383349803e-05
22,twoLayer,1.0,2,26281,0.00017566679,0.049071305,0.45927137,4.8118216830988015e-06
23,twoLayer,1.0,3,51283,7.496057e-05,0.008251169,0.32807544,1.1502693147083766e-05
24,skip,1.0,1,4817,0.0008197585,0.01770734,0.6704489,1.0801019836493099e-05
25,skip,1.0,2,24689,4.7463767e-05,0.00232732,0.4584523,3.2649617905681344e-06
26,skip,1.0,3,50785,2.2604756e-05,0.00560175,0.46509188,6.672830823602004e-06
27,depthWise,2.0,1,4857,0.0028609787,0.04835299,0.50857794,9.625609672862046e-06
28,depthWise,2.0,2,25581,8.476664e-05,0.0030054522,0.34511,2.726513637719542e-06
29,depthWise,2.0,3,51708,3.7024583e-05,0.00125264,0.32176593,1.2212587471110136e-06
30,baseline,1.0,1,4109,0.013508511,0.09384004,1.4760109,2.0161489329639964e-05
31,baseline,1.0,2,25391,0.00012854913,0.00728136,0.3137074,1.9043573758355967e-06
32,baseline,1.0,3,49659,6.894672e-05,0.0026075863,0.31005558,1.1206130136391918e-06
33,lateral,2.0,1,5851,0.003795176,0.037215073,0.68708026,6.999476069309407e-06
34,lateral,2.0,2,27054,0.00010130956,0.0043259445,0.4568923,4.0944692849381105e-06
35,lateral,2.0,3,51679,5.233607e-05,0.0029979784,0.46620187,2.4317449231148284e-06
36,twoLayer,2.0,1,4973,0.008573661,0.03954375,0.5645761,3.304098226243574e-05
37,twoLayer,2.0,2,24778,0.0001553704,0.04913443,0.42013937,9.610300126557423e-05
38,twoLayer,2.0,3,51494,7.540322e-05,0.028672004,0.39942616,3.946808118325298e-06
39,skip,2.0,1,4486,0.0014668114,0.019554958,0.9336182,1.0861164164532557e-05
40,skip,2.0,2,25381,5.7139365e-05,0.0023189473,0.397049,2.9068062312171743e-06
41,skip,2.0,3,50746,1.9299174e-05,0.0071666897,0.45618233,1.476026044992756e-06
42,depthWise,4.0,1,4296,0.005241389,0.037883915,0.5944876,1.005245226012446e-05
43,depthWise,4.0,2,26139,9.472905e-05,0.0020216524,0.24992485,2.616559079094141e-06
44,depthWise,4.0,3,50781,3.8439965e-05,0.0016306335,0.32844874,1.4130188470869097e-06
