,name,mult,param,paramExact,loss40,loss70,loss170,smoothness
0,baseline,1.0,1,4109,0.016766142,0.026856357,0.34395018,2.3100138852662108e-05
1,baseline,1.0,2,25391,0.00039813184,0.00054927025,0.33069372,7.178035050499126e-06
2,baseline,1.0,3,49659,0.00011574316,0.00016041954,0.2946251,4.220220911548508e-06
3,lateral,0.5,1,4161,0.012776466,0.019234817,0.45469227,2.7590629430950983e-05
4,lateral,0.5,2,23257,0.0002169921,0.00029708009,0.33734703,1.601599775873926e-05
5,lateral,0.5,3,51949,6.529572e-05,9.445849e-05,0.3587118,9.32925809773056e-06
6,twoLayer,0.5,1,5081,0.014704633,0.022292012,0.6611868,4.299605761988491e-05
7,twoLayer,0.5,2,23981,0.0006461552,0.0008431127,0.30661932,2.02129611040504e-05
8,twoLayer,0.5,3,50401,0.00015504647,0.00019012725,0.25201252,1.823444642549524e-05
9,skip,0.5,1,5761,0.00075086375,0.0010250977,0.3344244,1.7962400195437666e-05
10,skip,0.5,2,27325,5.081239e-05,6.902397e-05,0.2874268,2.863527900068086e-05
11,skip,0.5,3,50581,3.295792e-05,4.4439916e-05,0.31186855,1.0982576296324913e-05
12,depthWise,1.0,1,5101,0.011969903,0.019708347,0.6612911,2.1626035708682416e-05
13,depthWise,1.0,2,24445,0.00022324167,0.0003078399,0.24194153,1.2456480256981973e-05
14,depthWise,1.0,3,48361,7.247042e-05,9.458976e-05,0.12698746,5.880303958408657e-06
15,baseline,1.0,1,4109,0.016766142,0.026856357,0.34395018,2.3100138852662108e-05
16,baseline,1.0,2,25391,0.00039813184,0.00054927025,0.33069372,7.178035050499126e-06
17,baseline,1.0,3,49659,0.00011574316,0.00016041954,0.2946251,4.220220911548508e-06
18,lateral,1.0,1,5241,0.0062372754,0.009512963,0.41283828,2.2710937588951425e-05
19,lateral,1.0,2,26011,0.00025683557,0.0003688507,0.37686184,0.0005934402063260189
20,lateral,1.0,3,49951,7.442075e-05,9.931873e-05,0.34694505,4.085072521851972e-05
21,twoLayer,1.0,1,4303,0.022120532,0.03234343,0.42408705,3.473710816651982e-05
22,twoLayer,1.0,2,26281,0.00048363573,0.0006214205,0.29412097,1.841529050800354e-05
23,twoLayer,1.0,3,51283,0.00017277415,0.0002067968,0.2730933,0.00029303208285961466
24,skip,1.0,1,4817,0.0016283501,0.0024139718,0.36649364,2.0318457645779147e-05
25,skip,1.0,2,24689,7.3911404e-05,0.000107692686,0.2857543,1.180266454416963e-05
26,skip,1.0,3,50785,3.4233435e-05,4.9484486e-05,0.33528322,8.384418498086387e-05
27,depthWise,2.0,1,4857,0.0053302953,0.008003819,0.28382903,2.4139469684464682e-05
28,depthWise,2.0,2,25581,0.00012620534,0.00017034331,0.14184017,6.743035879218803e-06
29,depthWise,2.0,3,51708,6.5588996e-05,8.723115e-05,0.11214969,4.201520111159781e-06
30,baseline,1.0,1,4109,0.016766142,0.026856357,0.34395018,2.3100138852662108e-05
31,baseline,1.0,2,25391,0.00039813184,0.00054927025,0.33069372,7.178035050499126e-06
32,baseline,1.0,3,49659,0.00011574316,0.00016041954,0.2946251,4.220220911548508e-06
33,lateral,2.0,1,5851,0.008942255,0.013870308,0.3923995,2.277210502224381e-05
34,lateral,2.0,2,27054,0.000189382,0.00025908888,0.3042572,1.939205352130827e-05
35,lateral,2.0,3,51679,8.171656e-05,0.00011108034,0.33831093,8.051681398623213e-06
36,twoLayer,2.0,1,4973,0.021817388,0.035682138,0.49414977,4.160384992078265e-05
37,twoLayer,2.0,2,24778,0.00092911255,0.0011779729,0.27966696,2.8162078106870393e-05
38,twoLayer,2.0,3,51494,0.00015450409,0.00019224251,0.27707687,3.217082855191514e-05
39,skip,2.0,1,4486,0.010854244,0.01749016,0.47966647,2.8905010167687986e-05
40,skip,2.0,2,25381,0.00014782549,0.0001972229,0.32695252,1.623699143533924e-05
41,skip,2.0,3,50746,3.7584345e-05,5.2964337e-05,0.31767875,9.273880347444863e-06
42,depthWise,4.0,1,4296,0.007177898,0.010410907,0.21272829,2.942796544480382e-05
43,depthWise,4.0,2,26139,0.00014043236,0.00019308487,0.1810204,6.999594446686128e-06
44,depthWise,4.0,3,50781,7.447207e-05,9.939994e-05,0.17462328,4.135182447786541e-06
