,name,mult,param,paramExact,loss40,loss70,loss170,smoothness
0,baseline,1.0,1,4109,0.061815955,0.026780408,1.1546128,2.3100138852662108e-05
1,baseline,1.0,2,25391,0.012098663,0.00055216136,0.9553258,7.178035050499126e-06
2,baseline,1.0,3,49659,0.010179761,0.0001645649,0.35551047,4.220220911548508e-06
3,lateral,0.5,1,4161,0.22124824,0.01919481,1.1829588,2.7590629430950983e-05
4,lateral,0.5,2,23257,0.03356983,0.00030105148,1.5000317,1.601599775873926e-05
5,lateral,0.5,3,51949,0.019063683,9.8606266e-05,1.062474,9.32925809773056e-06
6,twoLayer,0.5,1,5081,0.21325979,0.022238702,3.3255048,4.299605761988491e-05
7,twoLayer,0.5,2,23981,0.036496986,0.0008451493,1.0524695,2.02129611040504e-05
8,twoLayer,0.5,3,50401,0.08322032,0.0001941057,0.8293511,1.823444642549524e-05
9,skip,0.5,1,5761,0.015510352,0.0010269803,0.8533079,1.7962400195437666e-05
10,skip,0.5,2,27325,0.02701737,7.3020936e-05,0.91857433,2.863527900068086e-05
11,skip,0.5,3,50581,0.011089964,4.8693266e-05,0.7780872,1.0982576296324913e-05
12,depthWise,1.0,1,5101,0.08143477,0.019672249,5.3293505,2.1626035708682416e-05
13,depthWise,1.0,2,24445,0.017740656,0.00031237924,0.874184,1.2456480256981973e-05
14,depthWise,1.0,3,48361,0.012089966,9.931618e-05,0.24833241,5.880303958408657e-06
15,baseline,1.0,1,4109,0.061815955,0.026780408,1.1546128,2.3100138852662108e-05
16,baseline,1.0,2,25391,0.012098663,0.00055216136,0.9553258,7.178035050499126e-06
17,baseline,1.0,3,49659,0.010179761,0.0001645649,0.35551047,4.220220911548508e-06
18,lateral,1.0,1,5241,0.04678527,0.009499155,2.0293336,2.2710937588951425e-05
19,lateral,1.0,2,26011,0.23058598,0.00037257402,0.69546497,0.0005934402063260189
20,lateral,1.0,3,49951,0.012381545,0.000103705956,0.9236988,4.085072521851972e-05
21,twoLayer,1.0,1,4303,0.07730102,0.032257974,1.6683737,3.473710816651982e-05
22,twoLayer,1.0,2,26281,0.0432971,0.0006243181,1.580951,1.841529050800354e-05
23,twoLayer,1.0,3,51283,0.012347189,0.00021035442,0.72711384,0.00029303208285961466
24,skip,1.0,1,4817,0.022611246,0.002413835,1.1563227,2.0318457645779147e-05
25,skip,1.0,2,24689,0.012963225,0.00011195318,1.0496001,1.180266454416963e-05
26,skip,1.0,3,50785,0.009121591,5.348706e-05,0.65078366,8.384418498086387e-05
27,depthWise,2.0,1,4857,0.021310711,0.007988452,0.80636084,2.4139469684464682e-05
28,depthWise,2.0,2,25581,0.011248399,0.00017436354,0.22316746,6.743035879218803e-06
29,depthWise,2.0,3,51708,0.010352613,9.1319525e-05,0.712636,4.201520111159781e-06
30,baseline,1.0,1,4109,0.061815955,0.026780408,1.1546128,2.3100138852662108e-05
31,baseline,1.0,2,25391,0.012098663,0.00055216136,0.9553258,7.178035050499126e-06
32,baseline,1.0,3,49659,0.010179761,0.0001645649,0.35551047,4.220220911548508e-06
33,lateral,2.0,1,5851,0.026678244,0.0138362,0.98272055,2.277210502224381e-05
34,lateral,2.0,2,27054,0.011180993,0.0002622705,0.98601186,1.939205352130827e-05
35,lateral,2.0,3,51679,0.011081861,0.00011517732,0.60837394,8.051681398623213e-06
36,twoLayer,2.0,1,4973,0.08058882,0.035591327,1.7135382,4.160384992078265e-05
37,twoLayer,2.0,2,24778,1.2264369,0.0011790796,0.916506,2.8162078106870393e-05
38,twoLayer,2.0,3,51494,0.01126563,0.00019586101,0.52458274,3.217082855191514e-05
39,skip,2.0,1,4486,0.1260095,0.017450016,1.8385147,2.8905010167687986e-05
40,skip,2.0,2,25381,0.0472982,0.00020180535,0.8922163,1.623699143533924e-05
41,skip,2.0,3,50746,0.01858115,5.6833454e-05,1.1907957,9.273880347444863e-06
42,depthWise,4.0,1,4296,0.056777626,0.010380355,0.55241096,2.942796544480382e-05
43,depthWise,4.0,2,26139,0.009945082,0.00019641066,0.27621454,6.999594446686128e-06
44,depthWise,4.0,3,50781,0.010196781,0.00010351716,0.46594372,4.135182447786541e-06
