,name,basic,speed,loss40
0,baseline,0,16,0.5464748
1,baseline,0,44,0.4410738
2,lateral,0,16,1.0027206
3,lateral,0,44,0.50500995
4,twoLayer,0,16,1.6715834
5,twoLayer,0,44,0.39356583
6,skip,0,16,1.0459378
7,skip,0,44,0.6615032
8,depthWise,0,16,0.84779453
9,depthWise,0,44,0.4417983
10,baseline,1,16,0.339588
11,baseline,1,44,0.06713022
12,lateral,1,16,0.2741368
13,lateral,1,44,0.048169922
14,twoLayer,1,16,0.4807663
15,twoLayer,1,44,0.12810309
16,skip,1,16,0.43537802
17,skip,1,44,0.035559896
18,depthWise,1,16,0.38927054
19,depthWise,1,44,0.049972683
